101 100
1 2
1 3
1 4
1 5
1 6
1 7
2 8
2 9
2 10
2 11
2 12
3 13
3 14
3 15
3 16
3 17
4 18
4 19
4 20
4 21
4 22
5 23
5 24
5 25
5 26
5 27
6 28
6 29
6 30
6 31
6 32
7 33
7 34
7 35
7 36
7 37
8 38
8 39
8 40
8 41
8 42
9 43
9 44
9 45
9 46
9 47
10 48
10 49
10 50
10 51
10 52
11 53
11 54
11 55
11 56
11 57
12 58
12 59
12 60
12 61
12 62
13 63
13 64
13 65
13 66
13 67
14 68
14 69
14 70
14 71
14 72
15 73
15 74
15 75
15 76
15 77
16 78
16 79
16 80
16 81
16 82
17 83
17 84
17 85
17 86
17 87
18 88
18 89
18 90
18 91
18 92
19 93
19 94
19 95
19 96
19 97
20 98
20 99
20 100
20 101
